1	2	3	1000	5
1	2	9	1000	5
1	2	3	2000	8
1	2	9	2000	8
2	3	4	1000	4
3	4	5	1000	3
4	5	6	1000	2
5	6	7	1000	1
6	7	8	1000	0
2	9	8	1000	4
2	9	8	2000	7
9	8	7	1000	3
8	7	6	1000	2
7	6	5	1000	1
6	5	4	1000	0
2	3	4	2000	7
1	2	3	2000	8
1	2	9	2000	8
2	3	4	2000	7
3	4	5	2000	6
4	5	6	2000	5
5	6	7	2000	4
6	7	8	2000	3
9	8	7	2000	6
2	9	8	2000	7
7	8	9	2000	2
8	7	6	2000	5
7	6	5	2000	4
6	5	4	2000	3
3	4	5	2000	6
5	4	3	2000	2
4	5	6	2000	5
5	6	7	2000	4
6	7	8	2000	3
9	8	7	2000	6
8	9	2	2000	1
7	8	9	2000	2
8	7	6	2000	5
7	6	5	2000	4
6	5	4	2000	3
5	4	3	2000	2
4	3	2	2000	1
9	2	3	2000	0
3	2	9	2000	0
4	3	2	2000	1
8	9	2	2000	1
3	2	9	2000	0
9	2	3	2000	0
