1	2	3	1002	4
1	2	4	1002	4
1	2	3	2002	5
1	2	4	2002	5
2	3	4	1002	3
2	4	3	1002	3
2	4	5	1002	3
4	5	6	1002	2
4	5	8	1002	2
5	6	7	1002	1
6	7	8	1002	0
5	8	7	1002	1
8	7	6	1002	0
2	4	3	2002	4
2	4	5	2002	4
2	3	4	2002	4
1	2	3	3002	6
1	2	4	3002	6
1	2	3	4002	7
1	2	4	4002	7
4	3	2	1002	2
3	4	2	1002	2
3	4	5	1002	2
4	5	6	2002	3
4	5	8	2002	3
5	6	7	2002	2
6	7	8	2002	1
5	8	7	2002	2
7	8	5	2002	0
8	7	6	2002	1
7	6	5	2002	0
4	5	6	1002	1
4	5	8	1002	1
3	4	2	2002	3
3	4	5	2002	3
4	3	2	2002	3
1	2	3	4002	7
1	2	4	4002	7
3	2	4	1002	1
2	3	4	3002	5
2	4	3	3002	5
2	4	5	3002	5
5	6	7	1002	0
5	8	7	1002	0
2	4	3	4002	6
2	4	5	4002	6
2	3	4	4002	6
4	2	3	1002	1
4	2	3	2002	2
2	3	4	4002	6
2	4	3	4002	6
2	4	5	4002	6
4	5	6	2002	2
4	5	8	2002	2
5	6	7	2002	1
6	7	8	2002	0
5	8	7	2002	1
8	7	6	2002	0
4	5	6	3002	4
4	5	8	3002	4
2	4	3	1002	0
2	4	5	1002	0
4	3	2	3002	4
3	2	4	2002	2
3	2	4	3002	3
4	3	2	4002	5
3	4	2	3002	4
3	4	5	3002	4
4	5	6	4002	5
4	5	8	4002	5
5	6	7	3002	3
6	7	8	3002	2
5	8	7	3002	3
5	8	7	4002	4
8	7	6	3002	2
5	6	7	4002	4
4	5	6	4002	5
4	5	8	4002	5
3	4	2	4002	5
3	4	5	4002	5
2	3	4	1002	0
3	2	4	4002	4
4	2	3	3002	3
2	3	4	2002	1
3	4	2	4002	5
3	4	5	4002	5
7	6	5	3002	1
8	7	6	4002	3
7	8	5	3002	1
5	8	7	4002	4
6	7	8	4002	3
5	6	7	4002	4
4	5	6	3002	3
4	5	8	3002	3
2	4	3	2002	1
2	4	5	2002	1
4	3	2	4002	5
4	2	3	4002	4
4	2	3	4002	4
2	4	3	3002	2
2	4	5	3002	2
4	5	6	4002	4
4	5	8	4002	4
7	6	5	4002	2
8	7	6	4002	3
7	8	5	4002	2
5	8	7	3002	2
6	7	8	4002	3
5	6	7	3002	2
4	5	6	4002	4
4	5	8	4002	4
2	3	4	3002	2
3	2	4	4002	4
4	3	2	2002	0
2	4	3	4002	3
2	4	5	4002	3
6	5	4	3002	0
6	5	8	3002	0
5	6	7	4002	3
8	7	6	3002	1
5	8	7	4002	3
7	8	5	4002	2
6	7	8	3002	1
7	6	5	4002	2
8	5	4	3002	0
8	5	6	3002	0
3	4	2	2002	0
3	4	5	2002	0
2	3	4	4002	3
2	3	4	4002	3
3	4	2	3002	1
3	4	5	3002	1
4	5	6	2002	0
4	5	8	2002	0
5	6	7	4002	3
6	7	8	4002	2
5	8	7	4002	3
8	7	6	4002	2
7	6	5	3002	0
4	5	6	3002	1
4	5	8	3002	1
2	4	3	4002	3
2	4	5	4002	3
4	3	2	3002	1
4	2	3	3002	0
3	2	4	3002	0
4	3	2	4002	2
6	5	4	4002	1
6	5	8	4002	1
6	7	8	4002	2
7	8	5	3002	0
8	7	6	4002	2
8	5	4	4002	1
8	5	6	4002	1
4	3	2	4002	2
3	2	4	4002	1
3	2	4	4002	1
3	4	2	4002	2
3	4	5	4002	2
4	5	6	4002	2
4	5	8	4002	2
7	6	5	4002	1
7	8	5	4002	1
5	8	7	3002	0
5	6	7	3002	0
8	5	4	4002	1
8	5	6	4002	1
3	4	2	4002	2
3	4	5	4002	2
4	2	3	4002	1
4	2	3	4002	1
2	3	4	4002	0
6	5	4	4002	1
6	5	8	4002	1
7	6	5	4002	1
5	8	7	4002	0
7	8	5	4002	1
5	6	7	4002	0
5	4	2	4002	0
5	4	3	4002	0
2	3	4	4002	0
5	4	2	4002	0
5	4	3	4002	0
4	5	6	3002	0
4	5	8	3002	0
5	6	7	4002	1
5	8	7	4002	1
5	8	7	4002	0
6	7	8	4002	0
5	6	7	4002	0
2	4	3	4002	0
2	4	5	4002	0
2	4	3	4002	0
2	4	5	4002	0
4	5	6	4002	2
4	5	8	4002	2
8	7	6	4002	0
5	6	7	4002	1
5	4	2	4002	0
5	4	3	4002	0
4	5	6	4002	1
4	5	8	4002	1
5	8	7	4002	1
5	8	7	4002	0
6	7	8	4002	0
5	6	7	4002	0
6	5	4	4002	0
6	5	8	4002	0
5	4	2	4002	0
5	4	3	4002	0
8	5	4	4002	0
8	5	6	4002	0
8	7	6	4002	0
4	5	6	4002	1
4	5	8	4002	1
6	5	4	4002	0
6	5	8	4002	0
5	6	7	4002	0
5	8	7	4002	0
8	5	4	4002	0
8	5	6	4002	0
